jahr	Schweiz	Ausland	Total	Ausland_GeburtslandCH	Nachfolgestaaten Jugoslawiens	Türkei	Italien	Sri Lanka	Deutschland
2006	111	879	990	0	343	244	82	71	16
2007	81	1823	1904	0	865	460	78	146	41
2008	90	1594	1684	0	703	389	98	103	56
2009	66	1019	1085	0	389	265	53	62	106
2010	587	711	1298	0	250	146	34	42	106
2011	519	557	1076	0	168	106	46	27	88
2012	63	654	717	0	149	142	59	41	96
2013	87	871	958	0	247	163	48	28	153
2014	75	749	824	0	199	100	69	22	154
2015	101	961	1062	0	217	144	82	20	219
